FAN Decimal: 13127171 (24Bit) Binary: 110010000100111000000011 Tri-State: not applicable PulseLength: 403 microseconds Protocol: 5
Raw data: 5699,930,252,1002,256,344,833,371,834,972,211,385,847,358,846,359,846,357,848,958,221,377,858,345,858,948,229,970,236,963,245,353,881,323,880,326,879,326,878,327,876,330,875,329,877,929,247,952,256,

LIGHT Decimal: 13127181 (24Bit) Binary: 110010000100111000001101 Tri-State: not applicable PulseLength: 575 microseconds Protocol: 2
Raw data: 5760,873,326,894,314,267,933,272,933,875,319,279,937,268,938,267,936,269,936,874,319,279,937,267,936,874,322,879,329,873,333,265,946,258,946,260,945,261,943,262,943,866,331,870,336,263,949,860,340,

Decimal: 13127181 (24Bit) Binary: 110010000100111000001101 Tri-State: not applicable PulseLength: 572 microseconds Protocol: 2
Raw data: 5748,883,324,896,310,275,914,293,911,897,310,290,916,289,916,289,915,291,915,889,318,283,922,285,920,888,319,883,322,881,326,275,929,276,929,278,928,277,928,276,929,880,327,877,328,273,932,876,329,

1 Decimal: 13127173 (24Bit) Binary: 110010000100111000000101 Tri-State: not applicable PulseLength: 404 microseconds Protocol: 5
Raw data: 5705,924,261,988,267,333,849,357,849,953,229,371,860,344,859,346,859,345,859,946,234,365,867,338,866,938,243,957,249,952,256,343,885,320,884,320,886,320,883,323,882,323,881,924,260,339,888,918,267,

2 Decimal: 13127178 (24Bit) Binary: 110010000100111000001010 Tri-State: not applicable PulseLength: 569 microseconds Protocol: 2
Raw data: 5744,895,253,961,261,339,870,335,869,938,248,349,878,329,874,331,874,331,872,937,250,348,881,323,880,928,253,947,262,938,266,332,905,299,905,302,901,305,900,306,897,912,263,335,904,903,270,329,911,

3 Decimal: 13127174 (24Bit) Binary: 110010000100111000000110 Tri-State: not applicable PulseLength: 404 microseconds Protocol: 5
Raw data: 5713,918,260,995,267,332,842,362,844,960,223,377,854,348,857,347,858,347,858,946,232,367,868,336,869,938,238,960,247,952,254,344,891,314,890,314,890,315,890,315,890,315,890,917,259,940,265,335,899,

4 Decimal: 13127177 (24Bit) Binary: 110010000100111000001001 Tri-State: not applicable PulseLength: 571 microseconds Protocol: 2
Raw data: 5732,895,310,910,296,287,902,304,901,905,300,300,904,301,904,301,905,300,904,903,302,298,909,296,907,900,304,898,308,895,310,290,915,290,915,290,913,292,913,292,913,894,313,287,916,289,916,892,313,

5 Decimal: 13127170 (24Bit) Binary: 110010000100111000000010 Tri-State: not applicable PulseLength: 570 microseconds Protocol: 2
Raw data: 5730,898,306,916,289,292,894,311,895,911,293,307,898,307,900,304,901,304,899,907,298,303,902,303,902,904,301,902,302,900,306,295,909,295,910,295,909,296,910,295,910,295,910,295,911,897,306,294,912,

F/R Decimal: 13127180 (24Bit) Binary: 110010000100111000001100 Tri-State: not applicable PulseLength: 571 microseconds Protocol: 2
Raw data: 5731,897,307,916,289,289,898,307,898,908,294,307,901,303,903,302,900,305,902,905,297,303,904,301,906,901,300,902,305,898,307,293,912,292,913,293,911,293,912,293,912,896,308,895,311,289,917,288,918,

1h Decimal: 13127169 (24Bit) Binary: 110010000100111000000001 Tri-State: not applicable PulseLength: 404 microseconds Protocol: 5
Raw data: 5702,926,263,986,222,334,851,352,852,952,231,369,860,345,860,343,862,345,860,943,240,360,867,338,868,937,246,953,253,949,260,340,885,319,886,319,884,321,884,322,883,322,883,322,883,322,883,922,266,

4h Decimal: 13127172 (24Bit) Binary: 110010000100111000000100 Tri-State: not applicable PulseLength: 572 microseconds Protocol: 2
Raw data: 5732,895,312,902,302,287,906,299,906,901,304,297,907,297,909,296,909,296,908,900,305,294,911,295,910,897,308,894,310,894,312,289,916,288,915,289,916,290,915,289,916,289,916,892,313,287,919,286,917,

6h Decimal: 13127176 (24Bit) Binary: 110010000100111000001000 Tri-State: not applicable PulseLength: 569 microseconds Protocol: 2
Raw data: 5722,907,300,929,278,298,881,323,883,922,282,318,887,317,888,317,889,315,889,917,288,313,891,313,893,914,292,910,295,907,298,302,902,303,902,302,904,301,904,301,903,905,301,299,905,299,906,300,906,

