
ON Decimal: 11767553 (24Bit) Binary: 101100111000111100000001 Tri-State: not applicable PulseLength: 395 microseconds Protocol: 1
Raw data: 12237,1227,436,397,1296,1170,495,1158,499,338,1317,337,1316,1157,502,1154,507,1150,507,330,1320,341,1313,344,1306,1173,485,1168,491,1162,497,1157,501,339,1314,342,1312,343,1315,341,1309,352,1297,367,1284,377,1276,1199,460,

OFF Decimal: 11767555 (24Bit) Binary: 101100111000111100000011 Tri-State: not applicable PulseLength: 391 microseconds Protocol: 1
Raw data: 12200,1266,391,446,1111,1341,305,1328,337,497,1162,495,1159,1303,352,1292,371,1279,381,454,1199,455,1200,456,1198,1267,390,1258,401,1249,409,1241,421,420,1233,423,1232,424,1229,426,1228,429,1227,429,1226,1242,416,1235,422,

0.5h Decimal: 11767556 (24Bit) Binary: 101100111000111100000100 Tri-State: not applicable PulseLength: 393 microseconds Protocol: 1
Raw data: 12229,1250,408,427,1185,1282,372,1273,390,443,1214,444,1211,1254,405,1244,417,1234,427,410,1243,414,1241,415,1241,1230,429,1222,436,1214,446,1207,453,385,1270,387,1268,388,1267,389,1265,392,1265,1207,453,383,1270,388,1267,
    
3h Decimal: 11767557 (24Bit) Binary: 101100111000111100000101 Tri-State: not applicable PulseLength: 394 microseconds Protocol: 1
Raw data: 12261,1213,447,390,1240,1230,429,1221,440,396,1259,397,1257,1214,446,1203,459,1195,465,372,1282,375,1281,376,1276,1197,465,1187,473,1179,480,1171,491,349,1303,354,1302,354,1300,356,1299,357,1295,1177,484,353,1302,1171,490,

6h Decimal: 11767558 (24Bit) Binary: 101100111000111100000110 Tri-State: not applicable PulseLength: 394 microseconds Protocol: 1
Raw data: 12254,1215,445,391,1235,1234,426,1225,434,403,1252,405,1249,1222,438,1212,450,1205,454,382,1272,385,1271,386,1266,1205,454,1197,462,1190,469,1183,478,362,1292,365,1290,366,1287,370,1285,371,1283,1188,473,1179,480,357,1297,

25% Decimal: 11767562 (24Bit) Binary: 101100111000111100001010 Tri-State: not applicable PulseLength: 392 microseconds Protocol: 1
Raw data: 12213,1238,419,418,1194,1271,385,1263,393,443,1211,443,1212,1256,399,1250,412,1242,412,425,1229,426,1228,428,1227,1242,415,1236,420,1232,425,1227,431,409,1245,410,1246,409,1247,407,1244,1227,430,408,1247,1222,435,403,1249,

50% Decimal: 11767563 (24Bit) Binary: 101100111000111100001011 Tri-State: not applicable PulseLength: 393 microseconds Protocol: 1
Raw data: 12226,1229,426,411,1205,1261,396,1253,404,433,1222,433,1221,1247,410,1242,417,1238,419,417,1237,418,1237,418,1236,1234,423,1229,428,1224,434,1218,441,400,1254,401,1254,402,1251,404,1250,1220,439,399,1255,1216,441,1212,446,

100%  Decimal: 11767564 (24Bit) Binary: 101100111000111100001100 Tri-State: not applicable PulseLength: 393 microseconds Protocol: 1
Raw data: 12220,1245,413,425,1199,1268,390,1260,398,439,1216,441,1214,1254,403,1246,414,1240,419,417,1237,421,1234,421,1233,1238,420,1231,426,1226,432,1220,438,403,1251,405,1251,405,1250,406,1248,1223,436,1216,441,397,1257,399,1255,

1 Decimal: 11767568 (24Bit) Binary: 101100111000111100010000 Tri-State: not applicable PulseLength: 393 microseconds Protocol: 1
Raw data: 12226,1224,431,406,1231,1239,417,1236,421,417,1237,417,1238,1233,423,1229,430,1228,430,407,1246,409,1246,409,1247,1223,432,1222,434,1219,437,1217,442,400,1254,400,1256,399,1255,1216,440,398,1256,399,1257,398,1256,399,1259,

2 Decimal: 11767569 (24Bit) Binary: 101100111000111100010001 Tri-State: not applicable PulseLength: 393 microseconds Protocol: 1
Raw data: 12216,1232,426,411,1213,1256,401,1248,405,433,1223,431,1224,1245,411,1240,417,1238,419,419,1238,417,1237,419,1235,1235,421,1230,424,1229,426,1228,433,408,1246,409,1247,407,1247,1224,432,405,1250,406,1248,407,1248,1223,433,

3 Decimal: 11767570 (24Bit) Binary: 101100111000111100010010 Tri-State: not applicable PulseLength: 392 microseconds Protocol: 1
Raw data: 12211,1244,413,424,1194,1272,385,1264,392,445,1210,445,1210,1258,398,1252,407,1247,409,429,1227,428,1226,429,1226,1243,413,1238,419,1233,423,1229,430,411,1244,412,1243,412,1242,1227,428,410,1244,411,1244,1226,429,409,1245,

